&StatCorr
   Name1 = 'D0 W asymmetry 2013'
   Name2 = 'D0 W asymmetry 2013'

   NIdColumns1 = 2
   NIdColumns2 = 2

   IdColumns1 = 'y1','y2'
   IdColumns2 = 'y1','y2'

   NBins1 = 14
   NBins2 = 14

   MatrixFormatIsTable = true

  ! Matrix Type: 
  !   'Statistical correlations':     Given are correlation factors that need to be applied to statistical errors
  !                                   needs 'stat' column in data files
  !   'Systematic correlations' :     Given are correlation factors that need to be applied to systematic errors
  !                                   needs 'uncor' column in data files
  !   'Systematic covariance matrix': Given is a systematic covariance matrix  
  !
  !   'Full covariance matrix':       Given is a full covariance matrix including stat and syst parts
  !
  !   'Full correlation matrix':      Given is a full correlation matrix including stat and syst parts

  !  For uncertainties provided in matrix format use the following format and options:
  !  bin1_min 	       bin1_max    [delta1_i] 	c_11	  c_12	 c_13	 ...
  !  bin2_min 	       bin2_max    [delta2_i] 	c_21	  c_22	 c_23	 ...
  !  ....
  ! 
  ! If full correlation matrix, provide also the delta_i

   MatrixType = 'Statistical correlations'
&End
0	0	0.000	0.200	0.400	0.600	0.800	1.000	1.200	1.400	1.600	1.800	2.000	2.200	2.400	2.700	
0	0	0.200	0.400	0.600	0.800	1.000	1.200	1.400	1.600	1.800	2.000	2.200	2.400	2.700	3.200	
0.000	0.200	1	0.7056	0.3249	0.1444	0.0841	0.0625	0.0441	0.0256	0.01	0.0036	0.0016	0.0009	0.0004	0.0001
0.200	0.400	0.7056	1	0.7225	0.3364	0.1521	0.0841	0.0576	0.0256	0.0121	0.0049	0.0016	0.0016	0.0009	0.0004
0.400	0.600	0.3249	0.7225	1	0.7225	0.3364	0.1444	0.0676	0.0256	0.01	0.0036	0.0025	0.0036	0.0025	0.0009
0.600	0.800	0.1444	0.3364	0.7225	1	0.6889	0.2704	0.0841	0.0256	0.0081	0.0049	0.0064	0.01	0.0081	0.0036
0.800	1.000	0.0841	0.1521	0.3364	0.6889	1	0.6084	0.1764	0.0361	0.0121	0.01	0.0169	0.0225	0.0196	0.01  
1.000	1.200	0.0625	0.0841	0.1444	0.2704	0.6084	1	0.5476	0.1369	0.0484	0.0361	0.0484	0.0484	0.04	0.0225
1.200	1.400	0.0441	0.0576	0.0676	0.0841	0.1764	0.5476	1	0.5776	0.25	0.1444	0.1156	0.0961	0.0841	0.0441
1.400	1.600	0.0256	0.0256	0.0256	0.0256	0.0361	0.1369	0.5776	1	0.7056	0.3844	0.2209	0.1444	0.1156	0.0729
1.600	1.800	0.01	0.0121	0.01	0.0081	0.0121	0.0484	0.25	0.7056	1	0.7569	0.4225	0.2304	0.16	0.0961
1.800	2.000	0.0036	0.0049	0.0036	0.0049	0.01	0.0361	0.1444	0.3844	0.7569	1	0.7921	0.4489	0.2601	0.1296
2.000	2.200	0.0016	0.0016	0.0025	0.0064	0.0169	0.0484	0.1156	0.2209	0.4225	0.7921	1	0.7921	0.4356	0.1681
2.200	2.400	0.0009	0.0016	0.0036	0.01	0.0225	0.0484	0.0961	0.1444	0.2304	0.4489	0.7921	1	0.7396	0.2025
2.400	2.700	0.0004	0.0009	0.0025	0.0081	0.0196	0.04	0.0841	0.1156	0.16	0.2601	0.4356	0.7396	1	0.25  
2.700	3.200	0.0001	0.0004	0.0009	0.0036	0.01	0.0225	0.0441	0.0729	0.0961	0.1296	0.1681	0.2025	0.25	1     
